
746,282;768,317;818,286;796,251;746,282
652,242;692,253;707,196;668,186;652,242
1140,385;1143,390;1149,388;1156,404;1133,413;1129,415;1116,421;1114,427;1107,447;1099,444;1097,450;1095,454;1095,454;1076,505;1132,526;1137,511;1176,526;1207,538;1201,551;1204,556;1210,570;1211,573;1204,592;1186,639;1185,638;1142,622;1121,676;1120,679;1117,686;1111,703;1107,714;1106,713;1105,717;1124,724;1124,724;1139,730;1154,736;1152,739;1166,744;1167,741;1169,741;1188,749;1197,752;1198,752;1216,759;1217,756;1217,756;1225,733;1227,728;1230,721;1231,719;1240,694;1252,664;1242,660;1250,639;1275,649;1273,653;1387,697;1397,670;1413,677;1410,684;1486,714;1495,692;1521,702;1484,800;1492,803;1490,810;1511,818;1511,818;1516,820;1521,818;1522,815;1550,825;1610,670;1582,659;1584,655;1582,650;1575,647;1577,642;1548,632;1536,662;1515,654;1517,649;1503,643;1509,625;1396,582;1389,600;1288,561;1276,593;1265,589;1264,592;1257,589;1242,556;1245,554;1244,551;1269,540;1271,543;1283,538;1281,534;1293,529;1295,532;1307,527;1305,524;1317,518;1319,521;1331,516;1329,512;1367,495;1369,499;1377,496;1393,502;1421,513;1433,482;1438,468;1446,464;1433,435;1429,426;1415,395;1406,376;1399,360;1393,346;1385,350;1340,333;1324,378;1316,382;1321,394;1332,417;1317,423;1300,385;1292,389;1275,350;1174,395;1171,397;1164,381;1170,378;1168,373;1154,379;1140,385
462,883;474,915;520,896;508,864;462,883
279,445;310,431;292,391;261,405;279,445
601,1249;618,1280;665,1256;650,1224;601,1249
618,1280;634,1312;680,1288;665,1256;618,1280
462,883;508,864;496,833;450,851;462,883
508,388;539,374;521,332;490,347;508,388
1225,945;1266,915;1246,888;1204,917;1225,945
310,431;340,417;323,377;292,391;310,431
789,1362;847,1358;844,1317;786,1321;789,1362
931,1194;969,1208;989,1152;950,1139;931,1194
431,430;468,413;444,359;407,377;431,430
774,701;812,712;830,656;791,644;774,701
1056,1072;1077,1102;1123,1067;1100,1038;1056,1072
856,768;893,785;917,732;880,715;856,768
584,733;622,688;591,662;553,707;584,733
539,374;570,359;552,318;521,332;539,374
832,414;885,389;868,353;814,377;832,414
647,606;678,632;716,587;685,561;647,606
1011,838;1046,859;1077,808;1042,787;1011,838
1225,945;1245,973;1286,944;1266,915;1225,945
1082,896;1115,919;1149,871;1116,847;1082,896
746,282;768,317;818,286;796,251;746,282
516,532;549,514;564,505;541,469;495,498;516,532
524,577;571,548;549,514;516,532;502,541;524,577
1056,1072;1100,1038;1078,1010;1064,1018;1034,1043;1056,1072
1051,1258;1088,1272;1103,1238;1109,1222;1070,1207;1051,1258
1088,1272;1082,1288;1121,1303;1140,1252;1103,1238;1088,1272
356,682;394,696;395,697;408,661;415,647;376,631;356,682
1270,315;1258,288;1234,299;1222,271;1179,290;1203,344;1270,315
408,661;395,697;394,696;388,712;427,727;446,676;408,661
738,1145;775,1159;776,1159;790,1125;791,1125;796,1109;758,1094;738,1145
600,1066;601,1067;615,1032;615,1032;622,1016;582,1001;563,1052;600,1066
654,788;691,802;692,802;706,767;707,767;713,751;674,736;654,788
615,1032;615,1032;601,1067;600,1066;594,1082;633,1097;653,1046;615,1032
863,987;863,987;877,952;878,953;884,937;845,922;825,972;863,987
706,767;692,802;691,802;685,818;724,833;744,782;707,767;706,767
790,1125;776,1159;775,1159;769,1175;808,1190;828,1139;791,1125;790,1125
878,953;877,952;863,987;863,987;856,1003;895,1018;915,967;878,953
941,311;978,392;1030,367;1024,354;1043,345;1010,274;989,284;991,288;941,311
1140,385;1168,373;1153,342;1126,354;1140,385
1116,421;1083,409;1050,495;1076,505;1095,454;1095,454;1097,450;1099,444;1107,447;1114,427;1116,421
789,1362;847,1358;844,1317;786,1321;789,1362
554,1570;586,1586;611,1534;581,1518;554,1570
1522,82;1505,43;1440,71;1438,66;1420,74;1434,106;1463,93;1468,106;1522,82
1140,385;1143,390;1149,388;1156,404;1133,413;1129,415;1116,421;1114,427;1107,447;1099,444;1097,450;1095,454;1095,454;1076,505;1132,526;1137,511;1176,526;1207,538;1201,551;1204,556;1210,570;1211,573;1204,592;1186,639;1185,638;1142,622;1121,676;1120,679;1117,686;1111,703;1107,714;1106,713;1105,717;1124,724;1124,724;1139,730;1154,736;1152,739;1166,744;1167,741;1169,741;1188,749;1197,752;1198,752;1216,759;1217,756;1217,756;1225,733;1227,728;1230,721;1231,719;1240,694;1252,664;1242,660;1250,639;1275,649;1273,653;1387,697;1397,670;1413,677;1410,684;1486,714;1495,692;1521,702;1484,800;1492,803;1490,810;1511,818;1511,818;1516,820;1521,818;1522,815;1550,825;1610,670;1582,659;1584,655;1582,650;1575,647;1577,642;1548,632;1536,662;1515,654;1517,649;1503,643;1509,625;1396,582;1389,600;1288,561;1276,593;1265,589;1264,592;1257,589;1242,556;1245,554;1244,551;1269,540;1271,543;1283,538;1281,534;1293,529;1295,532;1307,527;1305,524;1317,518;1319,521;1331,516;1329,512;1367,495;1369,499;1377,496;1393,502;1421,513;1433,482;1438,468;1446,464;1433,435;1429,426;1415,395;1406,376;1399,360;1393,346;1385,350;1340,333;1324,378;1316,382;1321,394;1332,417;1317,423;1300,385;1292,389;1275,350;1174,395;1171,397;1164,381;1170,378;1168,373;1154,379;1140,385
1541,1295;1555,1294;1556,1310;1595,1308;1594,1285;1608,1284;1608,1275;1637,1274;1635,1231;1605,1233;1606,1253;1592,1254;1592,1251;1553,1253;1553,1256;1539,1256;1541,1295
1722,1098;1762,1102;1769,1044;1729,1039;1722,1098
1969,1098;1918,1116;1925,1137;1977,1119;1969,1098
1761,1212;1832,1186;1822,1157;1817,1159;1750,1183;1761,1212
1225,945;1266,915;1246,888;1204,917;1225,945
1839,1073;1880,1077;1886,1019;1846,1014;1839,1073
1988,1066;1959,1077;1965,1091;1993,1081;1988,1066
2245,823;2219,767;2125,813;2150,868;2245,823
1632,1147;1672,1152;1679,1093;1639,1089;1632,1147
1225,945;1245,973;1286,944;1266,915;1225,945
1823,852;1864,857;1871,798;1830,793;1823,852
1365,998;1401,1017;1428,965;1392,946;1365,998
1717,913;1757,918;1764,859;1724,854;1717,913
1975,1094;1984,1120;2011,1111;2002,1084;1975,1094
1270,315;1258,288;1234,299;1222,271;1179,290;1203,344;1270,315
1512,1035;1511,1035;1498,1070;1497,1069;1491,1085;1530,1100;1549,1049;1512,1035
1301,1241;1301,1241;1315,1206;1315,1207;1321,1191;1282,1176;1263,1227;1301,1241
1497,1069;1498,1070;1511,1035;1512,1035;1518,1019;1479,1004;1460,1055;1497,1069
1315,1207;1315,1206;1301,1241;1301,1241;1295,1257;1334,1272;1353,1221;1315,1207
1931,1216;1850,1222;1852,1247;1863,1246;1865,1268;1902,1263;1900,1241;1932,1236;1931,1216
1922,1144;1915,1205;1943,1208;1946,1176;1976,1179;1980,1145;1952,1142;1951,1147;1922,1144
1662,369;1637,359;1628,379;1653,390;1662,369
2949,1458;2980,1444;2967,1414;2971,1412;2963,1395;2928,1411;2949,1458
